43/202
0	1	4	49	53	71
0	1	8	49	53	71
49/202
2	5	22	29	49	53
2	5	22	44	49	53
2	5	22	49	53	56
2	5	22	49	53	71
2	5	44	49	53	56
2	5	44	49	53	71
2	5	44	49	53	86
52/202
2	10	22	29	49	53
2	10	22	49	53	71
2	11	22	44	49	53
2	11	22	49	53	71
2	11	44	49	53	71
2	11	44	49	53	86
2	11	49	53	71	86
53/202
2	8	22	44	49	53
2	8	22	49	53	71
2	8	44	49	53	71
2	8	44	49	53	86
2	8	49	53	71	86
49/202
0	4	8	49	53	71
0	4	10	49	53	71
54/202
2	44	49	53	71	86
55/202
7	29	49	53	86	137
54/202
2	22	49	53	71	86
54/202
2	22	29	49	53	86
2	22	44	49	53	56
2	22	44	49	53	71
2	22	44	49	53	86
54/202
2	4	22	49	53	71
54/202
9	22	29	49	53	86
9	22	44	49	53	71
9	22	49	53	71	86
52/202
0	44	49	53	71	86
1	4	22	49	53	71
56/202
7	44	49	53	71	86
55/202
5	44	49	53	71	86
6	8	22	44	49	71
6	8	22	48	49	71
6	8	22	49	53	71
6	8	22	49	71	86
6	8	22	49	71	103
6	8	44	49	53	71
6	8	44	49	71	86
6	8	48	49	71	86
6	8	49	53	71	86
40/202
15	75	86	103	137	142
59/202
8	44	49	53	71	86
55/202
9	44	49	53	71	86
39/202
16	62	71	75	103	137
59/202
8	22	44	49	53	71
8	22	49	53	71	86
59/202
4	49	53	71	86	137
52/202
1	22	29	49	53	86
1	22	44	49	53	71
1	22	49	53	71	86
1	44	49	53	71	86
51/202
17	18	22	49	53	71
52/202
15	44	49	53	71	86
54/202
21	29	49	53	86	137
52/202
0	4	22	49	53	71
0	22	29	49	53	86
0	22	44	49	53	71
0	22	49	53	71	86
55/202
12	22	29	49	53	86
12	22	44	49	53	71
12	22	49	53	71	86
12	44	49	53	71	86
55/202
21	22	29	49	53	86
21	22	44	49	53	71
21	22	49	53	71	86
54/202
14	22	49	53	71	86
14	44	49	53	71	86
55/202
22	53	71	75	86	137
55/202
13	22	29	49	53	86
13	22	44	49	53	71
13	22	49	53	71	86
13	44	49	53	71	86
54/202
26	41	49	53	71	137
60/202
22	44	49	53	71	86
58/202
11	22	44	49	53	71
11	22	49	53	71	86
11	44	49	53	71	86
57/202
10	22	29	49	53	137
10	22	29	49	53	142
10	22	41	49	53	71
10	22	44	49	53	71
10	22	49	53	71	137
54/202
30	48	49	53	71	137
54/202
30	41	49	53	71	137
30	44	46	49	53	71
30	44	48	49	53	71
30	44	49	53	67	71
30	44	49	53	71	75
30	44	49	53	71	86
30	44	49	53	71	88
30	44	49	53	71	137
56/202
6	22	29	49	53	86
6	22	44	49	53	71
6	22	49	53	71	86
6	44	49	53	71	86
7	22	29	49	53	86
7	22	44	49	53	71
7	22	49	53	71	86
59/202
22	29	48	49	53	86
22	29	49	53	86	137
22	29	49	53	86	142
46/202
36	53	56	67	71	137
36	53	56	71	75	137
36	53	56	71	88	137
36	53	56	71	103	137
36	53	56	71	137	142
36	53	57	67	71	137
36	53	57	71	75	137
36	53	57	71	86	137
36	53	57	71	88	137
36	53	57	71	103	137
36	53	57	71	119	137
36	53	57	71	137	142
47/202
36	53	67	71	75	137
36	53	67	71	86	137
36	53	67	71	88	137
36	53	67	71	103	137
36	53	67	71	119	137
36	53	67	71	137	142
36	53	71	75	86	137
36	53	71	75	88	137
36	53	71	75	103	137
36	53	71	75	119	137
36	53	71	75	137	142
36	53	71	86	88	137
36	53	71	86	103	137
36	53	71	86	137	142
36	53	71	88	103	137
36	53	71	88	119	137
36	53	71	103	137	142
36	53	71	119	137	142
51/202
31	33	35	41	49	53
31	33	41	49	53	137
31	33	44	49	53	71
31	33	49	53	71	137
56/202
26	44	49	53	71	86
53/202
16	22	29	49	53	86
16	22	44	49	53	71
16	22	49	53	71	86
16	44	49	53	71	86
51/202
49	65	67	71	103	137
49	65	71	75	103	137
49	65	71	88	103	137
49	65	71	103	137	142
54/202
37	49	53	71	86	137
55/202
37	44	49	53	71	86
53/202
31	41	49	53	56	137
31	41	49	53	71	137
31	44	49	53	67	71
31	44	49	53	71	86
31	49	53	67	71	137
31	49	53	71	86	137
58/202
29	48	49	53	86	137
29	49	53	86	137	142
53/202
28	44	49	53	71	86
53/202
25	44	49	53	71	86
26	29	49	53	86	137
26	33	41	49	53	137
26	33	44	49	53	71
26	33	49	53	71	137
47/202
65	67	71	75	103	137
65	71	75	88	103	137
65	71	75	103	137	142
56/202
33	35	41	49	53	137
53/202
49	67	71	86	103	137
49	71	75	86	103	137
49	71	86	88	103	137
49	71	86	103	137	142
50	53	67	71	86	137
50	53	71	75	86	137
50	53	71	86	88	137
50	53	71	86	103	137
50	53	71	86	137	142
55/202
39	41	49	53	71	137
39	44	46	49	53	71
39	44	48	49	53	71
39	44	49	53	67	71
39	44	49	53	71	75
39	44	49	53	71	86
39	44	49	53	71	88
39	44	49	53	71	137
39	48	49	53	71	137
54/202
20	22	29	49	53	86
20	22	44	49	53	71
20	22	49	53	71	86
20	44	49	53	71	86
49/202
67	71	75	86	103	137
71	75	86	88	103	137
71	75	86	103	137	142
55/202
24	44	49	53	67	71
53/202
53	67	71	75	86	137
53	71	75	86	88	137
53	71	75	86	103	137
53	71	75	86	137	142
57/202
35	44	49	53	67	71
35	44	49	53	71	86
35	44	49	53	71	102
60/202
4	22	49	53	71	86
48/202
57	71	75	86	103	137
56/202
17	22	49	53	71	86
46/202
75	82	86	103	137	142
58/202
44	46	49	53	71	86
44	48	49	53	71	86
44	49	53	67	71	86
44	49	53	71	75	86
44	49	53	71	86	88
44	49	53	71	86	137
48	49	53	71	86	137
